6GVY8O3Q7Z
1726104627.8708286
Static Icons
MAZE NAME: Ahit_wall_cnt: 0
hit_fire_cnt: 0
consistent_cnt: 0
inconsistent_cnt: 1
auto_cnt: 0
total_steps: 2
human_commands: 0
end_health: 100
end_time: 1726104648.3502462
