7ZN15WTXO7
1725040959.0956533
Animate Eyes
MAZE NAME: A
hit_wall_cnt: 1
hit_fire_cnt: 0
consistent_cnt: 11
inconsistent_cnt: 4
auto_cnt: 0
total_steps: 16
human_commands: 15
end_health: 90
end_time: 1725041140.2767859
