96M6ACQBWK
1725638005.339411
Animate Icons
MAZE NAME Ahit_wall_cnt: 0
hit_fire_cnt: 0
consistent_cnt: 11
inconsistent_cnt: 15
auto_cnt: 0
total_steps: 20
human_commands: 17
end_health: 100
end_time: 1725638311.4285374
