AR4QRL3EW2
1725629456.0012975
Animate Icons
MAZE NAME Ahit_wall_cnt: 0
hit_fire_cnt: 0
consistent_cnt: 9
inconsistent_cnt: 14
auto_cnt: 0
total_steps: 18
human_commands: 15
end_health: 100
end_time: 1725629718.8072662
