6ZP2CWHEAV
1725030774.1264887
Animate Eyes
hit_wall_cnt: 0
hit_fire_cnt: 0
consistent_cnt: 3
inconsistent_cnt: 0
auto_cnt: 0
total_steps: 4
human_commands: 3
end_health: 100
end_time: 1725030820.7322829
