8EAM4RBCFG
1725004037.7030718
Animate Eyes
hit_wall_cnt: 0
hit_fire_cnt: 0
consistent_cnt: 11
inconsistent_cnt: 5
auto_cnt: 0
total_steps: 16
human_commands: 15
end_health: 100
end_time: 1725004232.4797134
