9XT89RX2PC
1725001950.930467
Animate Eyes
hit_wall_cnt: 0
hit_fire_cnt: 1
consistent_cnt: 13
inconsistent_cnt: 10
auto_cnt: 0
total_steps: 23
human_commands: 23
end_health: 80
end_time: 1725002243.7816355
