OMPOWU3HBK
1725004579.1802478
Animate Eyes
hit_wall_cnt: 0
hit_fire_cnt: 0
consistent_cnt: 11
inconsistent_cnt: 7
auto_cnt: 0
total_steps: 18
human_commands: 18
end_health: 100
end_time: 1725004796.0357249
