S1JH8BO5V5
1725029690.9822824
Animate Eyes
hit_wall_cnt: 0
hit_fire_cnt: 0
consistent_cnt: 0
inconsistent_cnt: 0
auto_cnt: 0
total_steps: 1
human_commands: 0
end_health: 100
end_time: 1725029692.3512568
